0.000003 
0.000283 
-0.001868 
0.001054 
-0.000398 
-0.003483 
0.000036 
-0.003433 
-0.002375 
-0.000099 
0.001457 
0.001961 
0.001084 
0.003098 
0.001145 
0.001664 
0.001641 
0.003164 
0.001113 
0.003874 
-0.001150 
0.002560 
0.001842 
0.000284 
-0.001372 
0.000728 
0.000258 
0.000037 
0.000301 
-0.002114 
-0.001634 
0.000021 
-0.001115 
-0.002109 
-0.000738 
0.001541 
0.000494 
-0.000436 
0.000496 
-0.001885 
-0.001343 
-0.000470 
0.000251 
0.000170 
-0.000688 
-0.001458 
0.001495 
0.000777 
-0.001150 
-0.000787 
0.000315 
0.000359 
-0.002237 
0.001507 
0.001348 
0.001049 
0.001383 
0.000670 
0.001356 
0.003652 
0.003389 
-0.002322 
0.003744 
0.002401 
0.001071 
0.003628 
0.004703 
0.003729 
0.001467 
0.002284 
0.002272 
0.003557 
0.001348 
0.003423 
-0.001703 
0.000429 
0.003518 
-0.001577 
-0.000852 
0.001118 
0.000805 
0.002203 
0.000979 
0.001319 
0.001520 
0.000245 
-0.000505 
-0.000321 
0.003493 
-0.001961 
0.000139 
-0.002199 
0.000645 
0.001401 
0.002287 
0.002677 
0.000504 
0.001752 
0.000952 
-0.000505 
0.000518 
0.000459 
0.001812 
0.001639 
0.001963 
0.000212 
0.002915 
0.000589 
-0.002359 
0.003647 
0.001587 
0.000326 
0.001212 
0.000091 
0.001306 
0.000747 
0.004680 
0.000259 
0.000973 
0.002022 
0.000150 
0.001194 
0.000150 
0.001942 
0.000258 
-0.000861 
-0.000893 
0.001381 
0.000608 
0.000245 
0.001702 
0.002257 
0.002100 
-0.001541 
-0.000627 
-0.000183 
0.000032 
0.000999 
0.001684 
0.000251 
0.002644 
0.000275 
-0.000162 
0.001352 
0.001336 
0.001633 
-0.000203 
0.001026 
0.002370 
-0.000652 
0.000186 
0.000184 
-0.000547 
-0.000476 
-0.001578 
-0.000534 
0.003283 
-0.001020 
-0.000236 
0.001207 
0.001501 
-0.001428 
0.003825 
0.002229 
-0.001869 
-0.002608 
0.004001 
-0.001263 
-0.000460 
0.000380 
0.002775 
-0.000812 
-0.000750 
-0.002446 
-0.001819 
0.000397 
-0.000581 
-0.002195 
-0.000390 
-0.000217 
0.000109 
0.003784 
-0.000410 
0.001807 
0.001438 
0.000363 
-0.000827 
-0.001389 
0.002222 
0.001366 
0.004407 
0.000142 
0.000280 
0.000277 
0.000897 
0.001473 
-0.000944 
0.000897 
0.000751 
0.000239 
0.000407 
0.000448 
-0.001673 
0.000784 
0.000905 
-0.000396 
0.000749 
-0.000308 
-0.000291 
-0.000121 
0.001631 
0.000147 
0.001319 
0.000389 
0.002752 
0.000417 
-0.000082 
0.002833 
-0.000408 
-0.001472 
-0.001336 
-0.003312 
0.000543 
-0.001762 
-0.002038 
-0.001100 
0.000062 
-0.000268 
-0.001549 
-0.002296 
0.000809 
0.002578 
0.000321 
-0.000576 
0.002593 
0.000012 
0.001532 
0.000833 
-0.002401 
0.000648 
-0.000629 
0.001712 
-0.000089 
-0.002063 
0.000326 
0.001720 
0.001079 
0.001897 
-0.001579 
-0.000196 
0.000152 
0.000336 
-0.000642 
-0.000129 
-0.001029 
0.000369 
-0.000085 
-0.000110 
-0.000272 
-0.000952 
0.001986 
0.000209 
-0.002226 
0.001391 
0.002825 
-0.000498 
0.000997 
0.000417 
-0.003100 
0.000005 
-0.001968 
-0.001712 
-0.000990 
-0.000418 
-0.000802 
0.000944 
-0.001817 
0.000170 
0.000089 
-0.000666 
-0.000448 
0.000567 
0.001042 
0.000325 
-0.000943 
0.001013 
-0.000468 
-0.001438 
0.000436 
0.000859 
0.000213 
-0.000562 
0.000579 
0.000825 
-0.003084 
-0.000617 
-0.000052 
-0.000478 
0.003208 
-0.001150 
0.000389 
0.000178 
0.001648 
0.000840 
0.001064 
-0.000296 
0.001383 
-0.001370 
0.001134 
-0.003774 
-0.000345 
-0.000176 
-0.000503 
0.002352 
0.000033 
-0.000707 
-0.002521 
-0.004280 
-0.002767 
-0.000885 
-0.001018 
-0.003245 
-0.000940 
-0.002349 
0.000125 
-0.000997 
-0.000606 
-0.001682 
0.000541 
-0.000934 
0.002449 
-0.000548 
0.000095 
-0.000289 
-0.000934 
-0.000117 
-0.001157 
-0.002738 
0.004978 
0.000475 
0.000077 
0.002792 
-0.000734 
-0.000679 
-0.001687 
-0.001601 
0.001882 
0.001756 
0.001890 
-0.002531 
0.000207 
0.000433 
-0.000533 
0.000462 
-0.001593 
-0.000092 
0.002450 
0.001870 
0.000985 
-0.002332 
-0.002364 
-0.000987 
0.000265 
-0.000404 
0.001322 
0.001266 
-0.001170 
-0.001734 
-0.000629 
-0.002008 
-0.003444 
-0.000889 
0.000461 
-0.000524 
-0.002023 
-0.000807 
0.001651 
-0.000364 
0.000011 
-0.000809 
-0.000488 
0.001617 
0.001510 
-0.000737 
-0.000578 
0.000601 
-0.000077 
-0.002044 
0.003460 
0.001046 
-0.000073 
0.001161 
-0.000149 
-0.002742 
0.000716 
-0.001643 
-0.000652 
-0.002750 
0.000187 
-0.000013 
0.000366 
0.000392 
-0.000306 
-0.001243 
-0.001177 
0.000926 
-0.000522 
-0.000727 
-0.000924 
-0.001973 
-0.002391 
-0.002290 
0.000625 
-0.000391 
0.002169 
0.000540 
-0.000459 
-0.001810 
-0.002235 
-0.001193 
0.000449 
-0.001339 
-0.001455 
-0.003602 
-0.001242 
-0.003874 
0.001473 
0.000904 
-0.001838 
-0.002452 
0.001808 
0.002120 
0.000139 
-0.000276 
0.000743 
-0.000440 
0.000143 
0.000976 
0.000116 
-0.003176 
0.000407 
0.000959 
-0.002099 
-0.002234 
-0.002976 
0.000240 
0.001769 
-0.003743 
0.002507 
0.001180 
0.000442 
0.000376 
-0.001837 
0.000185 
-0.000218 
-0.000429 
0.000696 
-0.001482 
-0.001879 
-0.001440 
-0.003076 
-0.001958 
-0.001541 
-0.000547 
0.000292 
0.000260 
-0.002628 
-0.000650 
-0.002437 
-0.001341 
-0.000095 
-0.002190 
-0.003068 
-0.001867 
-0.000663 
0.001032 
-0.001581 
0.000242 
0.001399 
-0.000511 
-0.001092 
0.001116 
0.000617 
0.002034 
0.000457 
0.000470 
-0.000097 
0.001133 
-0.002910 
-0.001931 
-0.000390 
-0.002226 
-0.000964 
-0.001938 
-0.000503 
0.000401 
-0.000308 
0.001340 
0.000546 
0.002687 
0.000178 
0.000310 
0.000247 
0.001628 
0.001792 
0.001219 
-0.000895 
-0.002823 
-0.003991 
-0.005865 
-0.004462 
-0.003101 
-0.000293 
-0.001381 
0.001649 
-0.000180 
-0.000933 
0.000257 
-0.001477 
-0.001177 
-0.001237 
-0.001497 
-0.002341 
-0.001467 
-0.001148 
-0.001003 
-0.001279 
-0.000396 
0.000134 
-0.002110 
0.001580 
-0.001806 
0.001806 
0.002238 
0.001706 
-0.000689 
-0.003606 
-0.000829 
-0.002638 
0.000798 
-0.000779 
-0.000926 
-0.000376 
0.000769 
0.000060 
-0.001513 
0.002793 
0.001177 
0.002193 
0.000054 
0.000315 
0.000306 
0.000520 
-0.000229 
-0.002052 
-0.000279 
0.003637 
-0.004499 
-0.002470 
-0.000274 
-0.003944 
0.001869 
-0.000801 
-0.002683 
0.000823 
0.000291 
-0.000435 
0.000047 
-0.000929 
0.000045 
0.001257 
-0.000538 
-0.000164 
-0.000474 
-0.000140 
-0.002308 
0.001692 
-0.002121 
0.000909 
-0.001502 
-0.000391 
-0.000278 
0.000363 
0.000001 
0.000234 
0.000353 
-0.000132 
-0.002970 
-0.002929 
-0.000087 
-0.000776 
-0.001579 
-0.000902 
-0.000061 
-0.000501 
-0.002310 
-0.000236 
-0.000310 
0.000833 
-0.000681 
0.000415 
0.000337 
0.001954 
0.003154 
-0.000207 
0.003018 
0.001741 
-0.001538 
-0.002094 
-0.001216 
-0.004514 
-0.000255 
-0.000122 
-0.001974 
-0.002845 
-0.000730 
-0.000064 
0.000167 
-0.000578 
0.001247 
0.001406 
-0.000126 
0.001897 
0.002140 
-0.000684 
-0.000229 
0.002549 
-0.000175 
-0.001396 
-0.000414 
-0.000915 
0.001594 
0.001384 
0.000752 
0.000775 
0.000146 
-0.000248 
-0.001145 
0.000238 
-0.000507 
-0.001264 
-0.000689 
-0.001053 
0.000103 
-0.001200 
-0.003659 
0.000798 
-0.001124 
-0.001506 
0.000919 
0.000450 
0.000175 
0.001334 
0.001336 
0.001270 
-0.000074 
-0.000094 
-0.001675 
-0.000086 
-0.002661 
-0.002067 
-0.001309 
-0.001876 
-0.001872 
-0.003607 
-0.000678 
0.000158 
0.000100 
0.001444 
-0.001814 
-0.000330 
0.000901 
0.002537 
0.001400 
0.001241 
-0.002492 
-0.001257 
-0.000051 
-0.002126 
-0.000115 
0.001036 
0.001261 
0.000292 
0.001069 
-0.000018 
0.001021 
-0.002166 
-0.000024 
0.000364 
0.000999 
-0.001600 
-0.001580 
-0.000142 
-0.001642 
-0.001339 
0.001904 
0.000800 
0.001463 
0.000139 
0.001885 
0.000257 
0.000487 
0.000780 
0.003475 
-0.001262 
0.000216 
-0.000296 
0.000323 
-0.000100 
-0.002216 
-0.002048 
-0.003399 
0.000726 
-0.003197 
0.001039 
-0.001679 
-0.004032 
-0.000128 
-0.000044 
0.000195 
-0.002153 
-0.000489 
0.001915 
-0.001438 
-0.000106 
-0.000505 
-0.001447 
0.000157 
-0.000613 
-0.000248 
0.001047 
0.002136 
-0.001201 
-0.000064 
0.001789 
0.002139 
0.000761 
0.000505 
0.001542 
-0.000793 
-0.002333 
-0.001552 
-0.002539 
-0.003470 
-0.001380 
0.002652 
0.000824 
-0.001731 
0.001315 
0.000865 
0.000291 
0.000251 
-0.000630 
0.000332 
-0.000624 
0.002658 
0.001456 
0.000186 
0.003353 
-0.001703 
-0.004135 
-0.001912 
0.000027 
0.000740 
-0.000970 
0.000136 
-0.000744 
0.000918 
-0.002728 
-0.000350 
-0.003133 
0.000273 
-0.001438 
-0.002303 
0.001450 
-0.002235 
-0.001934 
0.000027 
-0.001952 
-0.000839 
-0.000099 
-0.000364 
-0.001472 
0.000039 
-0.000760 
0.001715 
0.000281 
-0.001426 
0.000204 
-0.002001 
0.000113 
0.000953 
0.000225 
-0.000121 
0.000618 
0.002637 
-0.000503 
0.000681 
-0.000731 
0.001120 
0.000282 
0.000351 
-0.001691 
-0.000526 
0.000535 
0.000803 
-0.000084 
-0.001142 
0.000415 
-0.001328 
-0.002887 
-0.001778 
-0.000321 
0.000561 
-0.001035 
-0.000412 
-0.002871 
-0.000743 
-0.002203 
-0.000657 
-0.004170 
-0.003302 
-0.002588 
-0.001677 
0.000424 
-0.001520 
-0.001686 
-0.003107 
-0.003052 
-0.002046 
-0.002089 
-0.002980 
-0.000475 
0.001033 
0.000207 
0.001037 
-0.000059 
-0.001937 
-0.001488 
-0.001431 
-0.000229 
0.001313 
-0.000793 
-0.001602 
0.001569 
0.001477 
-0.001559 
-0.000062 
0.001442 
-0.000057 
0.000310 
0.000289 
-0.000872 
-0.000182 
-0.000516 
-0.000139 
-0.003005 
0.000444 
0.001850 
0.000624 
-0.002732 
-0.000349 
-0.002465 
-0.002807 
-0.000048 
-0.000498 
-0.001954 
-0.001139 
-0.003638 
-0.005236 
-0.001568 
-0.001478 
0.003394 
0.002568 
-0.003428 
-0.000967 
-0.001205 
-0.001033 
-0.001346 
-0.000807 
0.000288 
0.000905 
0.000101 
-0.003408 
-0.000723 
-0.001014 
-0.001462 
0.000201 
-0.000112 
0.001165 
0.001663 
0.000048 
-0.000369 
-0.001337 
-0.002081 
0.002447 
0.003894 
-0.001138 
-0.000877 
-0.001397 
0.000342 
0.000343 
-0.000205 
-0.000438 
0.000710 
0.000770 
-0.001131 
0.001808 
-0.000768 
-0.000697 
-0.000816 
-0.001274 
-0.000072 
-0.003293 
-0.001413 
-0.003585 
-0.000713 
-0.003240 
-0.004307 
-0.003963 
0.000733 
0.002534 
0.001716 
-0.001202 
-0.000578 
0.001587 
-0.001610 
0.000160 
-0.000147 
0.000772 
0.001680 
-0.001327 
-0.001529 
-0.001570 
-0.001914 
-0.001494 
0.001426 
-0.001861 
-0.000464 
-0.000133 
0.002926 
-0.000472 
0.001484 
0.001037 
-0.001187 
0.000389 
0.000826 
-0.002619 
0.001878 
0.000671 
0.000383 
0.000380 
-0.001656 
0.002861 
-0.000509 
0.000564 
-0.001657 
0.003915 
-0.000847 
0.000577 
0.000520 
-0.000022 
-0.001039 
-0.002059 
-0.000625 
-0.004220 
-0.000263 
-0.000925 
-0.003038 
-0.001531 
-0.000812 
0.002571 
-0.001195 
0.001479 
-0.000430 
-0.000320 
0.000131 
0.000909 
-0.000531 
-0.002739 
0.001798 
0.001263 
-0.002985 
-0.003733 
0.000508 
-0.002101 
-0.000625 
0.000501 
-0.001042 
-0.000312 
0.002563 
0.001281 
0.000872 
0.002343 
0.001548 
-0.001594 
0.000727 
0.002152 
-0.001977 
0.001878 
0.000487 
0.000238 
-0.001276 
0.003372 
-0.000523 
-0.000285 
0.000055 
0.000367 
0.001589 
0.001230 
0.002741 
-0.000482 
-0.000094 
-0.001639 
-0.000373 
-0.002059 
-0.002822 
-0.001088 
-0.001674 
-0.001701 
0.000462 
-0.000665 
0.000096 
-0.000905 
-0.002330 
-0.001287 
0.001615 
-0.000573 
0.003820 
-0.000685 
0.002016 
-0.001302 
-0.001475 
-0.003664 
-0.001491 
0.000183 
-0.001323 
0.002899 
0.000743 
-0.000203 
0.001029 
-0.000204 
0.003163 
-0.000356 
0.001504 
0.001380 
-0.000010 
0.000562 
-0.000479 
-0.001853 
0.000221 
0.000254 
0.001617 
0.001851 
-0.001564 
0.000740 
-0.000132 
0.001449 
0.002174 
0.000733 
-0.001015 
-0.001952 
0.001399 
-0.002867 
0.000046 
-0.002878 
-0.001299 
0.000974 
0.000174 
0.000145 
-0.000625 
-0.000739 
0.000067 
-0.000769 
-0.002087 
0.000746 
0.001385 
0.000051 
0.001305 
-0.002520 
-0.000673 
-0.001115 
-0.003722 
-0.000501 
-0.001300 
-0.001785 
0.002573 
0.001667 
0.001221 
0.002158 
0.002089 
0.003057 
0.000081 
-0.000218 
0.001673 
0.000014 
-0.002200 
0.001037 
-0.002785 
-0.001520 
0.000407 
0.000391 
-0.000981 
-0.001141 
-0.000795 
0.001746 
0.000869 
0.001031 
0.000152 
0.002498 
-0.000197 
-0.001220 
0.001389 
0.001604 
-0.001906 
-0.002915 
0.000044 
-0.000663 
-0.000512 
-0.002512 
0.000476 
0.000221 
-0.002509 
-0.001292 
-0.002931 
-0.001416 
0.000373 
-0.000529 
0.000338 
0.001044 
0.000396 
0.000544 
-0.001931 
0.000640 
0.000607 
0.000679 
0.004641 
0.002103 
0.001183 
0.002612 
0.002763 
0.000426 
0.003299 
0.000831 
0.000567 
-0.001592 
0.002141 
-0.000012 
0.001159 
0.000181 
0.000392 
0.000358 
0.000113 
0.001225 
-0.000034 
-0.001276 
-0.000226 
0.000574 
0.002254 
0.001028 
0.000245 
-0.000390 
0.001844 
0.002757 
-0.000602 
0.000414 
0.000660 
0.001499 
0.001381 
0.000506 
0.000931 
-0.000109 
-0.000341 
-0.001203 
0.001381 
0.001044 
0.003306 
0.003193 
0.001433 
0.001057 
0.000948 
0.001144 
0.000007 
0.002947 
0.001610 
0.002776 
0.003906 
0.001066 
-0.000116 
0.002476 
0.003252 
-0.001073 
0.004011 
0.000274 
0.001871 
-0.000106 
0.000289 
0.000887 
-0.000442 
0.000338 
0.000458 
0.000242 
0.001882 
-0.000344 
-0.001671 
-0.001149 
0.003352 
0.001713 
0.003617 
0.004568 
-0.000151 
0.001548 
0.003438 
0.002949 
0.003023 
0.004240 
0.003062 
0.004361 
0.002180 
0.001725 
0.000840 
-0.000290 
0.000375 
0.000719 
0.004639 
0.004108 
0.003818 
0.003837 
-0.000008 
0.002681 
0.000614 
0.002552 
0.003591 
0.001986 
0.004201 
0.001570 
0.002635 
0.004341 
0.001881 
0.001692 
0.002472 
0.000773 
0.000306 
-0.002209 
0.003244 
0.000769 
-0.000394 
-0.001424 
-0.000226 
-0.000371 
0.000312 
